{
 "cells": [
  {
   "cell_type": "code",
   "execution_count": 1,
   "id": "d627c787",
   "metadata": {},
   "outputs": [
    {
     "name": "stdout",
     "output_type": "stream",
     "text": [
      "Descriptive Statistics:\n",
      "            CO(GT)     C6H6(GT)      NOx(GT)      NO2(GT)            T  \\\n",
      "count  9357.000000  9357.000000  9357.000000  9357.000000  9357.000000   \n",
      "mean    -34.207524     1.865683   168.616971    58.148873     9.778305   \n",
      "std      77.657170    41.380206   257.433866   126.940455    43.203623   \n",
      "min    -200.000000  -200.000000  -200.000000  -200.000000  -200.000000   \n",
      "25%       0.600000     4.000000    50.000000    53.000000    10.900000   \n",
      "50%       1.500000     7.900000   141.000000    96.000000    17.200000   \n",
      "75%       2.600000    13.600000   284.000000   133.000000    24.100000   \n",
      "max      11.900000    63.700000  1479.000000   340.000000    44.600000   \n",
      "\n",
      "                RH           AH  \n",
      "count  9357.000000  9357.000000  \n",
      "mean     39.485380    -6.837604  \n",
      "std      51.216145    38.976670  \n",
      "min    -200.000000  -200.000000  \n",
      "25%      34.100000     0.692300  \n",
      "50%      48.600000     0.976800  \n",
      "75%      61.900000     1.296200  \n",
      "max      88.700000     2.231000  \n",
      "\n",
      "Mean Values:\n",
      "CO(GT)      -34.207524\n",
      "C6H6(GT)      1.865683\n",
      "NOx(GT)     168.616971\n",
      "NO2(GT)      58.148873\n",
      "T             9.778305\n",
      "RH           39.485380\n",
      "AH           -6.837604\n",
      "dtype: float64\n",
      "\n",
      "Median Values:\n",
      "CO(GT)        1.5000\n",
      "C6H6(GT)      7.9000\n",
      "NOx(GT)     141.0000\n",
      "NO2(GT)      96.0000\n",
      "T            17.2000\n",
      "RH           48.6000\n",
      "AH            0.9768\n",
      "dtype: float64\n",
      "\n",
      "Variance Values:\n",
      "CO(GT)       6030.636106\n",
      "C6H6(GT)     1712.321485\n",
      "NOx(GT)     66272.195514\n",
      "NO2(GT)     16113.879181\n",
      "T            1866.553046\n",
      "RH           2623.093506\n",
      "AH           1519.180817\n",
      "dtype: float64\n",
      "\n",
      "Correlation Matrix:\n",
      "            CO(GT)  C6H6(GT)   NOx(GT)   NO2(GT)         T        RH        AH\n",
      "CO(GT)    1.000000 -0.031378  0.526451  0.671127 -0.068939 -0.048227 -0.045892\n",
      "C6H6(GT) -0.031378  1.000000 -0.001174 -0.010992  0.971375  0.925062  0.984555\n",
      "NOx(GT)   0.526451 -0.001174  1.000000  0.817139 -0.138452 -0.053009 -0.095847\n",
      "NO2(GT)   0.671127 -0.010992  0.817139  1.000000 -0.084104 -0.081305 -0.060440\n",
      "T        -0.068939  0.971375 -0.138452 -0.084104  1.000000  0.885911  0.981001\n",
      "RH       -0.048227  0.925062 -0.053009 -0.081305  0.885911  1.000000  0.943995\n",
      "AH       -0.045892  0.984555 -0.095847 -0.060440  0.981001  0.943995  1.000000\n"
     ]
    }
   ],
   "source": [
    "import csv\n",
    "import pandas as pd\n",
    "import numpy as np\n",
    "def read_data(filename):\n",
    "    data = []\n",
    "    with open(filename, newline='') as csvfile:\n",
    "        reader = csv.reader(csvfile, delimiter=';')\n",
    "        header = next(reader)\n",
    "        for row in reader:\n",
    "            record = {\n",
    "                \n",
    "                \n",
    "            }\n",
    "            data.append(record)\n",
    "    return data\n",
    "csv_file_path = \"BankChurners.csv\"\n",
    "data = read_data(csv_file_path)\n",
    "df = pd.DataFrame(data)\n",
    "selected_columns = []\n",
    "df[selected_columns] = df[selected_columns].replace('', np.nan).astype(float)\n",
    "describe_stats = df[selected_columns].describe()\n",
    "mean_values = df[selected_columns].mean()\n",
    "median_values = df[selected_columns].median()\n",
    "variance_values = df[selected_columns].var()\n",
    "correlation_matrix = df[selected_columns].corr()\n",
    "print(\"Descriptive Statistics:\")\n",
    "print(describe_stats)\n",
    "print(\"\\nMean Values:\")\n",
    "print(mean_values)\n",
    "print(\"\\nMedian Values:\")\n",
    "print(median_values)\n",
    "print(\"\\nVariance Values:\")\n",
    "print(variance_values)\n",
    "print(\"\\nCorrelation Matrix:\")\n",
    "print(correlation_matrix)"
   ]
  },
  {
   "cell_type": "code",
   "execution_count": null,
   "id": "703b91eb",
   "metadata": {},
   "outputs": [],
   "source": []
  },
  {
   "cell_type": "code",
   "execution_count": null,
   "id": "5d04582b",
   "metadata": {},
   "outputs": [],
   "source": []
  },
  {
   "cell_type": "code",
   "execution_count": null,
   "id": "30c33374",
   "metadata": {},
   "outputs": [],
   "source": []
  },
  {
   "cell_type": "code",
   "execution_count": null,
   "id": "be429e3e",
   "metadata": {},
   "outputs": [],
   "source": []
  },
  {
   "cell_type": "code",
   "execution_count": null,
   "id": "c31507ba",
   "metadata": {},
   "outputs": [],
   "source": []
  },
  {
   "cell_type": "code",
   "execution_count": null,
   "id": "d29d9a3a",
   "metadata": {},
   "outputs": [],
   "source": []
  },
  {
   "cell_type": "code",
   "execution_count": null,
   "id": "041fd5c3",
   "metadata": {},
   "outputs": [],
   "source": []
  }
 ],
 "metadata": {
  "kernelspec": {
   "display_name": "Python 3 (ipykernel)",
   "language": "python",
   "name": "python3"
  },
  "language_info": {
   "codemirror_mode": {
    "name": "ipython",
    "version": 3
   },
   "file_extension": ".py",
   "mimetype": "text/x-python",
   "name": "python",
   "nbconvert_exporter": "python",
   "pygments_lexer": "ipython3",
   "version": "3.8.0"
  }
 },
 "nbformat": 4,
 "nbformat_minor": 5
}
